-0.000001 0.000001 -0.122523 0.000000 0.000000 0.000000 0.000000 0.000000 0.000000
9.330999 0.000001 -0.787044 0.000000 0.000000 0.000000 0.000000 0.000000 0.000000
0.000001 2.125999 -1.203430 0.000000 0.000000 0.000000 0.000000 0.000000 0.000000
59.330999 2.125999 -1.116561 0.000000 0.000000 0.000000 0.000000 0.000000 0.000000
0.000001 4.251999 -2.460488 0.000000 0.000000 0.000000 0.000000 0.000000 0.000000
59.330999 4.251999 -1.051975 0.000000 0.000000 0.000000 0.000000 0.000000 0.000000
0.000001 6.377999 -2.430562 0.000000 0.000000 0.000000 0.000000 0.000000 0.000000
59.330999 6.377999 -0.953553 0.000000 0.000000 0.000000 0.000000 0.000000 0.000000
0.000001 8.503999 -1.224881 0.000000 0.000000 0.000000 0.000000 0.000000 0.000000
59.330999 8.503999 -0.946237 0.000000 0.000000 0.000000 0.000000 0.000000 0.000000
0.000001 10.629999 -1.260792 0.000000 0.000000 0.000000 0.000000 0.000000 0.000000
59.330999 10.629999 -1.015399 0.000000 0.000000 0.000000 0.000000 0.000000 0.000000
0.000001 12.755999 -1.250816 0.000000 0.000000 0.000000 0.000000 0.000000 0.000000
59.330999 12.755999 -1.357220 0.000000 0.000000 0.000000 0.000000 0.000000 0.000000
0.000001 14.880999 -1.240841 0.000000 0.000000 0.000000 0.000000 0.000000 0.000000
59.330999 14.880999 -2.110687 0.000000 0.000000 0.000000 0.000000 0.000000 0.000000
0.000001 17.006999 -1.220891 0.000000 0.000000 0.000000 0.000000 0.000000 0.000000
59.330999 17.006999 -2.193815 0.000000 0.000000 0.000000 0.000000 0.000000 0.000000
