0.000001 0.000001 -0.977757 0.000000 0.000000 0.000000 0.000000 0.000000 0.000000
0.000001 0.000001 -0.754180 0.000000 0.000000 0.000000 0.000000 0.000000 0.000000
0.000001 2.999999 -1.750842 0.000000 0.000000 0.000000 0.000000 0.000000 0.000000
0.000001 2.999999 -1.766673 0.000000 0.000000 0.000000 0.000000 0.000000 0.000000
0.000001 5.999999 -2.918950 0.000000 0.000000 0.000000 0.000000 0.000000 0.000000
0.000001 5.999999 -2.934781 0.000000 0.000000 0.000000 0.000000 0.000000 0.000000
0.000001 8.999999 -1.916432 0.000000 0.000000 0.000000 0.000000 0.000000 0.000000
0.000001 8.999999 -1.932263 0.000000 0.000000 0.000000 0.000000 0.000000 0.000000
0.000001 11.999999 -1.796729 0.000000 0.000000 0.000000 0.000000 0.000000 0.000000
0.000001 11.999999 -1.812559 0.000000 0.000000 0.000000 0.000000 0.000000 0.000000
0.000001 14.999999 -1.835633 0.000000 0.000000 0.000000 0.000000 0.000000 0.000000
0.000001 14.999999 -1.851463 0.000000 0.000000 0.000000 0.000000 0.000000 0.000000
0.000001 17.999999 -2.915957 0.000000 0.000000 0.000000 0.000000 0.000000 0.000000
0.000001 17.999999 -2.931788 0.000000 0.000000 0.000000 0.000000 0.000000 0.000000
0.000001 20.999999 -1.889499 0.000000 0.000000 0.000000 0.000000 0.000000 0.000000
0.000001 20.999999 -1.905330 0.000000 0.000000 0.000000 0.000000 0.000000 0.000000
0.000001 23.999999 -0.894962 0.000000 0.000000 0.000000 0.000000 0.000000 0.000000
0.000001 23.999999 -0.910792 0.000000 0.000000 0.000000 0.000000 0.000000 0.000000
0.000001 26.999999 -0.654557 0.000000 0.000000 0.000000 0.000000 0.000000 0.000000
0.000001 26.999999 -0.670388 0.000000 0.000000 0.000000 0.000000 0.000000 0.000000
0.000001 29.999999 -0.578745 0.000000 0.000000 0.000000 0.000000 0.000000 0.000000
0.000001 29.999999 -0.594575 0.000000 0.000000 0.000000 0.000000 0.000000 0.000000
0.000001 32.999999 -0.578745 0.000000 0.000000 0.000000 0.000000 0.000000 0.000000
0.000001 32.999999 -0.594575 0.000000 0.000000 0.000000 0.000000 0.000000 0.000000
2.999999 0.000001 -0.765283 0.000000 0.000000 0.000000 0.000000 0.000000 0.000000
2.999999 0.000001 -0.781113 0.000000 0.000000 0.000000 0.000000 0.000000 0.000000
2.999999 2.999999 -2.443128 0.000000 0.000000 0.000000 0.000000 0.000000 0.000000
2.999999 2.999999 -2.458959 0.000000 0.000000 0.000000 0.000000 0.000000 0.000000
2.999999 5.999999 -1.805707 0.000000 0.000000 0.000000 0.000000 0.000000 0.000000
2.999999 5.999999 -1.821537 0.000000 0.000000 0.000000 0.000000 0.000000 0.000000
2.999999 8.999999 -2.034141 0.000000 0.000000 0.000000 0.000000 0.000000 0.000000
2.999999 8.999999 -2.049972 0.000000 0.000000 0.000000 0.000000 0.000000 0.000000
2.999999 11.999999 -2.244620 0.000000 0.000000 0.000000 0.000000 0.000000 0.000000
2.999999 11.999999 -2.260450 0.000000 0.000000 0.000000 0.000000 0.000000 0.000000
2.999999 14.999999 -1.834635 0.000000 0.000000 0.000000 0.000000 0.000000 0.000000
2.999999 14.999999 -1.850466 0.000000 0.000000 0.000000 0.000000 0.000000 0.000000
9999 5.999999 -1.946073 0.000000 0.000000 0.000000 0.000000 0.000000 0.000000
5.999999 5.999999 -1.961904 0.000000 0.000000 0.000000 0.000000 0.000000 0.000000
5.999999 8.999999 -1.796444 0.000000 0.000000 0.000000 0.000000 0.000000 0.000000
5.999999 8.999999 -1.812274 0.000000 0.000000 0.000000 0.000000 0.000000 0.000000
5.999999 11.999999 -1.516138 0.000000 0.000000 0.000000 0.000000 0.000000 0.000000
5.999999 11.999999 -1.531968 0.000000 0.000000 0.000000 0.000000 0.000000 0.000000
5.999999 14.999999 -1.745570 0.000000 0.000000 0.000000 0.000000 0.000000 0.000000
5.999999 14.999999 -1.761400 0.000000 0.000000 0.000000 0.000000 0.000000 0.000000
5.999999 17.999999 -1.995950 0.000000 0.000000 0.000000 0.000000 0.000000 0.000000
5.999999 17.999999 -2.011780 0.000000 0.000000 0.000000 0.000000 0.000000 0.000000
5.999999 20.999999 -1.813402 0.000000 0.000000 0.000000 0.000000 0.000000 0.000000
5.999999 20.999999 -1.829232 0.000000 0.000000 0.000000 0.000000 0.000000 0.000000
8.999999 0.000001 -0.815872 0.000000 0.000000 0.000000 0.000000 0.000000 0.000000
8.999999 0.000001 -0.831700 0.000000 0.000000 0.000000 0.000000 0.000000 0.000000
8.999999 2.999999 -2.945598 0.000000 0.000000 0.000000 0.000000 0.000000 0.000000
8.999999 2.999999 -2.961429 0.000000 0.000000 0.000000 0.000000 0.000000 0.000000
8.999999 5.999999 -1.795446 0.000000 0.000000 0.000000 0.000000 0.000000 0.000000
8.999999 5.999999 -1.811277 0.000000 0.000000 0.000000 0.000000 0.000000 0.000000
8.999999 8.999999 -1.788464 0.000000 0.000000 0.000000 0.000000 0.000000 0.000000
8.999999 8.999999 -1.804294 0.000000 0.000000 0.000000 0.000000 0.000000 0.000000
8.999999 11.999999 -1.219872 0.000000 0.000000 0.000000 0.000000 0.000000 0.000000
8.999999 11.999999 -1.235702 0.000000 0.000000 0.000000 0.000000 0.000000 0.000000
8.999999 14.999999 -1.151042 0.000000 0.000000 0.000000 0.000000 0.000000 0.000000
8.999999 14.999999 -1.166872 0.000000 0.000000 0.000000 0.000000 0.000000 0.000000
8.999999 17.999999 -1.733599 0.000000 0.000000 0.000000 0.000000 0.000000 0.000000
8.999999 17.999999 -1.749430 0.000000 0.000000 0.000000 0.000000 0.000000 0.000000
8.999999 20.999999 -2.684245 0.000000 0.000000 0.000000 0.000000 0.000000 0.000000
8.999999 20.999999 -2.700076 0.000000 0.000000 0.000000 0.000000 0.000000 0.000000
11.999999 0.000001 -0.775971 0.000000 0.000000 0.000000 0.000000 0.000000 0.000000
11.999999 0.000001 -0.791801 0.000000 0.000000 0.000000 0.000000 0.000000 0.000000
11.999999 2.999999 -1.748562 0.000000 0.000000 0.000000 0.000000 0.000000 0.000000
11.999999 2.999999 -1.764393 0.000000 0.000000 0.000000 0.000000 0.000000 0.000000
11.999999 5.999999 -1.788464 0.000000 0.000000 0.000000 0.000000 0.000000 0.000000
11.999999 5.999999 -1.804294 0.000000 0.000000 0.000000 0.000000 0.000000 0.000000
11.999999 8.999999 -1.895199 0.000000 0.000000 0.000000 0.000000 0.000000 0.000000
11.999999 8.999999 -1.911030 0.000000 0.000000 0.000000 0.000000 0.000000 0.000000
11.999999 11.999999 -1.833352 0.000000 0.000000 0.000000 0.000000 0.000000 0.000000
11.999999 11.999999 -1.849183 0.000000 0.000000 0.000000 0.000000 0.000000 0.000000
11.999999 14.999999 -1.683723 0.000000 0.000000 0.000000 0.000000 0.000000 0.000000
11.999999 14.999999 -1.699553 0.000000 0.000000 0.000000 0.000000 0.000000 0.000000
11.999999 17.999999 -1.884226 0.000000 0.000000 0.000000 0.000000 0.000000 0.000000
11.999999 17.999999 -1.900057 0.000000 0.000000 0.000000 0.000000 0.000000 0.000000
11.999999 20.999999 -1.806419 0.000000 0.000000 0.000000 0.000000 0.000000 0.000000
11.999999 20.999999 -1.822250 0.000000 0.000000 0.000000 0.000000 0.000000 0.000000
14.999999 0.000001 -0.753028 0.000000 0.000000 0.000000 0.000000 0.000000 0.000000
14.999999 0.000001 -0.768858 0.000000 0.000000 0.000000 0.000000 0.000000 0.000000
14.999999 2.999999 -1.584967 0.000000 0.000000 0.000000 0.000000 0.000000 0.000000
14.999999 2.999999 -1.600798 0.000000 0.000000 0.000000 0.000000 0.000000 0.000000
14.999999 5.999999 -1.820385 0.000000 0.000000 0.000000 0.000000 0.000000 0.000000
14.999999 5.999999 -1.836215 0.000000 0.000000 0.000000 0.000000 0.000000 0.000000
14.999999 8.999999 -2.089718 0.000000 0.000000 0.000000 0.000000 0.000000 0.000000
14.999999 8.999999 -2.105548 0.000000 0.000000 0.000000 0.000000 0.000000 0.000000
14.999999 11.999999 -1.788464 0.000000 0.000000 0.000000 0.000000 0.000000 0.000000
14.999999 11.999999 -1.804294 0.000000 0.000000 0.000000 0.000000 0.000000 0.000000
14.999999 14.999999 -1.715644 0.000000 0.000000 0.000000 0.000000 0.000000 0.000000
14.999999 14.999999 -1.731474 0.000000 0.000000 0.000000 0.000000 0.000000 0.000000
14.999999 17.999999 -2.955574 0.000000 0.000000 0.000000 0.000000 0.000000 0.000000
14.999999 17.999999 -2.971404 0.000000 0.000000 0.000000 0.000000 0.000000 0.000000
14.999999 20.999999 -2.853826 0.000000 0.000000 0.000000 0.000000 0.000000 0.000000
14.999999 20.999999 -2.869656 0.000000 0.000000 0.000000 0.000000 0.000000 0.000000
17.999999 0.000001 -0.738065 0.000000 0.000000 0.000000 0.000000 0.000000 0.000000
17.999999 0.000001 -0.753895 0.000000 0.000000 0.000000 0.000000 0.000000 0.000000
17.999999 2.999999 -2.853826 0.000000 0.000000 0.000000 0.000000 0.000000 0.000000
17.999999 2.999999 -2.869656 0.000000 0.000000 0.000000 0.000000 0.000000 0.000000
17.999999 5.999999 -2.938616 0.000000 0.000000 0.000000 0.000000 0.000000 0.000000
17.999999 5.999999 -2.954446 0.000000 0.000000 0.000000 0.000000 0.000000 0.000000
17.999999 8.999999 -1.874251 0.000000 0.000000 0.000000 0.000000 0.000000 0.000000
17.999999 8.999999 -1.890082 0.000000 0.000000 0.000000 0.000000 0.000000 0.000000
17.999999 11.999999 -1.753550 0.000000 0.000000 0.000000 0.000000 0.000000 0.000000
17.999999 11.999999 -1.769380 0.000000 0.000000 0.000000 0.000000 0.000000 0.000000
17.999999 14.999999 -1.733599 0.000000 0.000000 0.000000 0.000000 0.000000 0.000000
17.999999 14.999999 -1.749430 0.000000 0.000000 0.000000 0.000000 0.000000 0.000000
17.999999 17.999999 -1.835348 0.000000 0.000000 0.000000 0.000000 0.000000 0.000000
17.999999 17.999999 -1.851178 0.000000 0.000000 0.000000 0.000000 0.000000 0.000000
17.999999 20.999999 -1.745570 0.000000 0.000000 0.000000 0.000000 0.000000 0.000000
17.999999 20.999999 -1.761400 0.000000 0.000000 0.000000 0.000000 0.000000 0.000000
20.999999 0.000001 -0.783951 0.000000 0.000000 0.000000 0.000000 0.000000 0.000000
20.999999 0.000001 -0.799781 0.000000 0.000000 0.000000 0.000000 0.000000 0.000000
20.999999 2.999999 -2.767040 0.000000 0.000000 0.000000 0.000000 0.000000 0.000000
20.999999 2.999999 -2.782871 0.000000 0.000000 0.000000 0.000000 0.000000 0.000000
20.999999 5.999999 -1.648809 0.000000 0.000000 0.000000 0.000000 0.000000 0.000000
20.999999 5.999999 -1.664640 0.000000 0.000000 0.000000 0.000000 0.000000 0.000000
20.999999 8.999999 -1.658785 0.000000 0.000000 0.000000 0.000000 0.000000 0.000000
20.999999 8.999999 -1.674615 0.000000 0.000000 0.000000 0.000000 0.000000 0.000000
20.999999 11.999999 -1.748562 0.000000 0.000000 0.000000 0.000000 0.000000 0.000000
20.999999 11.999999 -1.764393 0.000000 0.000000 0.000000 0.000000 0.000000 0.000000
20.999999 14.999999 -1.835348 0.000000 0.000000 0.000000 0.000000 0.000000 0.000000
20.999999 14.999999 -1.851178 0.000000 0.000000 0.000000 0.000000 0.000000 0.000000
20.999999 17.999999 -2.855821 0.000000 0.000000 0.000000 0.000000 0.000000 0.000000
20.999999 17.999999 -2.871651 0.000000 0.000000 0.000000 0.000000 0.000000 0.000000
20.999999 20.999999 -2.945598 0.000000 0.000000 0.000000 0.000000 0.000000 0.000000
20.999999 20.999999 -2.961429 0.000000 0.000000 0.000000 0.000000 0.000000 0.000000
23.999999 0.000001 -0.743052 0.000000 0.000000 0.000000 0.000000 0.000000 0.000000
23.999999 0.000001 -0.758883 0.000000 0.000000 0.000000 0.000000 0.000000 0.000000
23.999999 2.999999 -1.737758 0.000000 0.000000 0.000000 0.000000 0.000000 0.000000
23.999999 2.999999 -1.780626 0.000000 0.000000 0.000000 0.000000 0.000000 0.000000
23.999999 5.999999 -1.786564 0.000000 0.000000 0.000000 0.000000 0.000000 0.000000
23.999999 5.999999 -1.825564 0.000000 0.000000 0.000000 0.000000 0.000000 0.000000
23.999999 8.999999 -1.827632 0.000000 0.000000 0.000000 0.000000 0.000000 0.000000
23.999999 8.999999 -1.822886 0.000000 0.000000 0.000000 0.000000 0.000000 0.000000
23.999999 11.999999 -2.918621 0.000000 0.000000 0.000000 0.000000 0.000000 0.000000
23.999999 11.999999 -2.930540 0.000000 0.000000 0.000000 0.000000 0.000000 0.000000
23.999999 14.999999 -3.070395 0.000000 0.000000 0.000000 0.000000 0.000000 0.000000
23.999999 14.999999 -3.085290 0.000000 0.000000 0.000000 0.000000 0.000000 0.000000
23.999999 17.999999 -1.870486 0.000000 0.000000 0.000000 0.000000 0.000000 0.000000
23.999999 17.999999 -1.781817 0.000000 0.000000 0.000000 0.000000 0.000000 0.000000
23.999999 20.999999 -1.797277 0.000000 0.000000 0.000000 0.000000 0.000000 0.000000
23.999999 20.999999 -1.825564 0.000000 0.000000 0.000000 0.000000 0.000000 0.000000
26.999999 0.000001 -0.806281 0.000000 0.000000 0.000000 0.000000 0.000000 0.000000
26.999999 0.000001 -0.840520 0.000000 0.000000 0.000000 0.000000 0.000000 0.000000
26.999999 2.999999 -1.200894 0.000000 0.000000 0.000000 0.000000 0.000000 0.000000
26.999999 2.999999 -1.248081 0.000000 0.000000 0.000000 0.000000 0.000000 0.000000
26.999999 5.999999 -1.777636 0.000000 0.000000 0.000000 0.000000 0.000000 0.000000
26.999999 5.999999 -1.821695 0.000000 0.000000 0.000000 0.000000 0.000000 0.000000
26.999999 8.999999 -2.861482 0.000000 0.000000 0.000000 0.000000 0.000000 0.000000
26.999999 8.999999 -2.908669 0.000000 0.000000 0.000000 0.000000 0.000000 0.000000
26.999999 11.999999 -3.032898 0.000000 0.000000 0.000000 0.000000 0.000000 0.000000
26.999999 11.999999 -3.060887 0.000000 0.000000 0.000000 0.000000 0.000000 0.000000
26.999999 14.999999 -1.927625 0.000000 0.000000 0.000000 0.000000 0.000000 0.000000
26.999999 14.999999 -1.970791 0.000000 0.000000 0.000000 0.000000 0.000000 0.000000
26.999999 17.999999 -1.831203 0.000000 0.000000 0.000000 0.000000 0.000000 0.000000
26.999999 17.999999 -1.858300 0.000000 0.000000 0.000000 0.000000 0.000000 0.000000
26.999999 20.999999 -3.047182 0.000000 0.000000 0.000000 0.000000 0.000000 0.000000
26.999999 20.999999 -3.090646 0.000000 0.000000 0.000000 0.000000 0.000000 0.000000
